Loaded graph
Removed the dead ends
Converted graph to matrix to plug into algorithm
Performing power iteration and adding probability last:
Prinitng intermediate distance results
current distance: 0.2660389674744664
current distance: 0.2206712672394368
current distance: 0.09452852524702562
current distance: 0.03599261402114157
current distance: 0.029363910706025308
Printing the finished page-rank vector
[[0.00548677]
 [0.00548677]
 [0.00548677]
 [0.00548677]
 [0.00548677]
 [0.00548677]
 [0.00548677]
 [0.00548677]
 [0.00548677]
 [0.00548677]
 [0.00548677]
 [0.00548677]
 [0.00262733]
 [0.00548677]
 [0.00548677]
 [0.00548677]
 [0.00548677]
 [0.00548677]
 [0.00548677]
 [0.00548677]
 [0.00548677]
 [0.00548677]
 [0.00548677]
 [0.00548677]
 [0.00334219]
 [0.00548677]
 [0.00548677]
 [0.00548677]
 [0.00334219]
 [0.00548677]
 [0.00548677]
 [0.00548677]
 [0.00317025]
 [0.00339381]
 [0.00211899]
 [0.00339381]
 [0.00290673]
 [0.00307178]
 [0.00237984]
 [0.00332958]
 [0.00585925]
 [0.00567301]
 [0.00567301]
 [0.00213087]
 [0.00224867]
 [0.00132241]
 [0.00139076]
 [0.00147945]
 [0.00140172]
 [0.00147669]
 [0.00140986]
 [0.00149307]
 [0.00146352]
 [0.00153   ]
 [0.00147669]
 [0.00444353]
 [0.00374274]
 [0.00374274]
 [0.00248741]
 [0.0023134 ]
 [0.00272218]
 [0.00209921]
 [0.00263825]
 [0.00198067]
 [0.00263825]
 [0.00263825]
 [0.00598802]
 [0.00598802]
 [0.00598802]
 [0.00598802]
 [0.00192229]
 [0.00190655]
 [0.00145597]
 [0.00147527]
 [0.00134395]
 [0.00157761]
 [0.00143143]
 [0.00147527]
 [0.00152629]
 [0.00127321]
 [0.001268  ]
 [0.00266682]
 [0.00275178]
 [0.00278794]
 [0.00143078]
 [0.00278794]
 [0.00275178]
 [0.00268509]
 [0.00206333]
 [0.00211038]
 [0.00192229]
 [0.00192229]
 [0.00192229]
 [0.00192229]
 [0.00211038]
 [0.00192229]
 [0.00192229]
 [0.00192229]
 [0.00211038]
 [0.00205754]
 [0.00192229]
 [0.00211038]
 [0.00211038]
 [0.00192229]
 [0.00211038]
 [0.00192229]
 [0.00211038]
 [0.00211038]
 [0.00211038]
 [0.00192229]
 [0.00192229]
 [0.00192229]
 [0.00192229]
 [0.00192229]
 [0.00192229]
 [0.00585925]
 [0.00567301]
 [0.00567301]
 [0.00258278]
 [0.00271544]
 [0.0026127 ]
 [0.00256926]
 [0.00159212]
 [0.00246659]
 [0.00221616]
 [0.00194504]
 [0.0021533 ]
 [0.00246574]
 [0.00228659]
 [0.0025255 ]
 [0.00221616]
 [0.00192554]
 [0.00124562]
 [0.00204671]
 [0.00199056]
 [0.00129157]
 [0.00122048]
 [0.00127417]
 [0.00140051]
 [0.00129157]
 [0.00122791]
 [0.00122048]
 [0.00191863]
 [0.00191863]
 [0.0027029 ]
 [0.00306337]
 [0.00306337]
 [0.00338554]
 [0.00215311]
 [0.00273376]
 [0.00128013]
 [0.00212591]
 [0.00164287]
 [0.00212591]
 [0.00146153]
 [0.00144595]
 [0.00143414]
 [0.00132168]
 [0.00144595]
 [0.00147584]
 [0.00156491]
 [0.00156305]
 [0.00144595]
 [0.00143564]
 [0.00142542]
 [0.00143564]
 [0.00145672]]

Process finished with exit code 0

