task a) is done - the chosen datastructures are
a dictionary with all unique node ids and two lists in each of the dicts entries
When looking up the node 1 the following is returned:
[[6548, 15409], []]
1 has to outgoing connections and none incoming

-------------------------------------------------

Performing the recursive dead end removal.
Before the dead end removal there are 1587 nodes in the graph
After the dead end removal there are 167 nodes in the graph
The following is the list of the removed nodes in order:
[205581, 183720, 180166, 178254, 151653, 144972, 143991, 134929, 125055, 114765, 108774, 106883, 101374, 92283, 71401, 68492, 67141, 52931, 40856, 33223, 31885, 30644, 26255, 14414, 268392, 190984, 261073, 229895, 174322, 21157, 1981, 261875, 256230, 222275, 200772, 163941, 131834, 114263, 94623, 50957, 46097, 12042, 242288, 272961, 247956, 234054, 233602, 210162, 192719, 97874, 89777, 47258, 46252, 34317, 10542, 265331, 235068, 218968, 172011, 152717, 127818, 98577, 145084, 138804, 137632, 127062, 120904, 120708, 104748, 96745, 77999, 75454, 71877, 66211, 62478, 38134, 17781, 9077, 7022, 200832, 115060, 88464, 38320, 29529, 5539, 248884, 124059, 90175, 79914, 65019, 3095, 208288, 121435, 94676, 43321, 34790, 16494, 182312, 112072, 103147, 52807, 26384, 25300, 269838, 255467, 229029, 179328, 170409, 77938, 176342, 114502, 105618, 49733, 48971, 23366, 178861, 118083, 91457, 35807, 26949, 19534, 281802, 219788, 199588, 155801, 152404, 63629, 258580, 182079, 144109, 141934, 132660, 124470, 101831, 81301, 54850, 33989, 10241, 13081, 14089, 229295, 68062, 56041, 52502, 101161, 175842, 144974, 280924, 277477, 258688, 258348, 254622, 254556, 251260, 243934, 236321, 230194, 225226, 223817, 223399, 216489, 211958, 211426, 206025, 202471, 199058, 194861, 188274, 187824, 185012, 182679, 177307, 172007, 164186, 160481, 159951, 156020, 153521, 152337, 130584, 122054, 120022, 117821, 117396, 114165, 101792, 101734, 100343, 95703, 85131, 83615, 75800, 74525, 73939, 73050, 71251, 65766, 60620, 59505, 47594, 46264, 36369, 33969, 30442, 23957, 14111, 8865, 2287, 1986, 112605, 103739, 52262, 25850, 125963, 81875, 62455, 674, 247040, 245969, 229449, 226580, 192474, 122851, 122793, 120974, 113388, 100332, 99761, 88458, 88275, 81987, 67019, 58918, 41383, 33486, 279044, 273225, 271437, 269011, 268677, 268555, 267129, 266867, 265466, 265294, 263076, 262013, 261080, 259444, 258429, 256100, 255025, 248685, 248367, 248001, 247511, 244513, 242244, 240280, 238512, 232795, 230181, 229916, 225888, 225511, 221785, 221626, 218109, 215161, 214465, 213209, 213021, 205291, 200770, 197710, 194057, 189364, 189122, 187924, 185075, 184265, 179254, 177284, 176039, 175178, 174864, 174213, 172852, 172661, 171935, 171079, 170757, 170420, 169914, 169856, 168886, 167920, 166928, 163296, 163159, 162957, 162625, 162493, 161309, 159099, 154335, 151673, 150896, 147768, 141622, 139311, 138822, 137996, 135840, 135816, 135808, 135534, 131107, 127522, 125944, 123519, 123171, 123114, 120501, 120361, 120019, 116677, 110235, 110206, 109274, 109076, 108921, 108715, 107419, 102376, 101787, 99886, 96288, 95933, 95396, 94872, 88950, 88868, 87231, 87088, 83846, 83638, 83581, 80308, 78370, 78030, 77586, 77250, 73872, 68906, 68680, 67316, 66707, 66246, 61833, 61373, 59460, 56436, 56286, 54999, 54483, 48336, 46464, 45497, 45184, 43945, 43312, 37729, 34591, 33662, 32576, 32412, 22222, 14580, 13882, 13754, 10262, 9613, 8027, 6488, 5548, 5517, 5365, 108, 280981, 280264, 280213, 279577, 279516, 277367, 276280, 276059, 275712, 269837, 269501, 268291, 267292, 262269, 261549, 261543, 260330, 259904, 259217, 258848, 258774, 258538, 258066, 255837, 255793, 253031, 252500, 250572, 250164, 250016, 249067, 248231, 247219, 246215, 242847, 242308, 241429, 240214, 239563, 239225, 236876, 235426, 234382, 234266, 231902, 231797, 231256, 229822, 229260, 228471, 227122, 226855, 223846, 223108, 222296, 222269, 222042, 220956, 218967, 217571, 215788, 213303, 213249, 213089, 211962, 207959, 204368, 201226, 198004, 197242, 195041, 194470, 194369, 194347, 191689, 190468, 187691, 185092, 184565, 183870, 183676, 182746, 179398, 178877, 178723, 177277, 174982, 174403, 171986, 171651, 170543, 169090, 168094, 167307, 165180, 163294, 161487, 160454, 160209, 157399, 155849, 155811, 153139, 149784, 149416, 147616, 146511, 144756, 143920, 143088, 140713, 137778, 136189, 135896, 135543, 135428, 133189, 132880, 128110, 127715, 123593, 123539, 121378, 117291, 114844, 113744, 112616, 112268, 111682, 111098, 110984, 107111, 105436, 105328, 105102, 101753, 101101, 99765, 97220, 96138, 94512, 94142, 91693, 90359, 88925, 88745, 88318, 88110, 87459, 85892, 85741, 85450, 85236, 84166, 81912, 81284, 80959, 80729, 80432, 78181, 78103, 77653, 74760, 73162, 70201, 69696, 64600, 64364, 61128, 60954, 59874, 56723, 56067, 53286, 52882, 52583, 50538, 49489, 49476, 47764, 42802, 40092, 39033, 37752, 37003, 35951, 34455, 31116, 30656, 29922, 28703, 27489, 25320, 24584, 22063, 21598, 18093, 17716, 16492, 15363, 14020, 9580, 5247, 4723, 3156, 80, 152264, 8964, 63856, 20061, 281196, 259094, 235247, 224434, 51052, 265135, 242000, 201875, 77311, 42883, 254350, 249387, 247430, 205283, 190803, 184266, 160831, 139138, 132693, 79560, 78331, 64593, 39867, 22511, 269868, 267806, 255635, 211898, 186293, 165348, 111112, 91049, 86528, 23410, 14095, 191225, 34743, 12663, 218656, 133292, 45807, 43323, 13651, 279571, 275488, 271205, 268087, 266402, 265387, 263153, 260988, 257620, 255781, 251295, 250762, 245066, 244238, 244030, 239896, 237510, 234058, 226461, 225202, 221346, 220145, 219612, 215901, 204569, 202033, 201195, 199881, 196782, 196290, 195362, 194454, 189747, 186604, 183663, 181152, 178807, 177966, 171755, 170821, 166468, 164505, 160449, 154423, 153727, 152822, 148630, 143470, 143274, 141384, 141048, 140957, 138363, 137690, 137186, 134957, 132434, 131751, 125121, 123134, 121421, 121413, 118862, 114994, 106843, 106106, 101845, 96186, 95489, 95215, 89408, 87431, 86291, 86103, 81056, 78600, 76992, 75137, 72001, 68379, 67424, 64953, 63133, 61721, 60336, 50137, 33944, 31356, 25979, 24944, 22148, 21540, 20385, 17750, 11104, 6103, 254355, 250744, 249280, 244460, 199332, 175094, 90978, 66909, 59690, 15779, 11760, 273381, 244031, 208890, 205398, 202402, 201856, 122817, 97165, 92929, 68059, 22272, 7621, 46400, 92072, 219113, 281741, 276458, 275343, 268862, 266351, 261893, 260744, 256671, 254483, 249514, 138552, 132992, 131813, 130714, 127617, 126539, 122067, 118724, 112166, 111084, 107877, 105300, 104226, 100309, 94578, 88701, 84255, 81370, 80205, 77992, 74334, 69254, 64271, 58635, 53819, 50523, 49456, 44257, 42184, 39601, 32252, 27475, 26376, 21036, 15396, 13085, 6562, 5430, 1145, 106740, 262255, 215301, 157159, 281513, 280793, 279573, 274619, 273564, 269247, 267410, 265652, 258809, 256227, 248582, 229441, 213740, 210283, 208925, 206815, 205736, 204879, 203567, 195781, 195288, 186698, 174653, 173541, 165869, 165732, 163116, 156138, 154253, 149126, 126627, 125655, 122405, 121311, 115474, 112987, 102101, 100174, 95892, 95192, 93442, 89848, 89483, 88106, 86430, 76007, 74249, 73107, 70674, 69313, 68031, 60097, 59029, 54036, 48556, 40830, 34302, 28809, 15719, 9544, 6341, 226058, 221045, 208209, 103445, 97376, 180763, 175835, 108320, 60981, 8606, 311, 280607, 278983, 250534, 242507, 231071, 193194, 174589, 167057, 163229, 146255, 138478, 126333, 108809, 74991, 67513, 47267, 9729, 2836, 2301, 268136, 267010, 261002, 250159, 210784, 160401, 157709, 150705, 105351, 274944, 245520, 229011, 209963, 205715, 176605, 164079, 153582, 112640, 51080, 18095, 279653, 273817, 263471, 238416, 222402, 200345, 178645, 127278, 56857, 49886, 25791, 837, 242285, 226569, 159247, 154291, 122570, 113888, 113385, 84908, 74902, 35240, 17954, 12962, 268240, 248147, 234946, 229966, 214007, 212877, 211401, 197211, 187555, 179606, 168387, 142475, 139976, 138302, 136444, 132695, 123871, 93278, 88659, 36110, 23178, 273989, 222873, 208542, 185472, 161890, 151428, 145892, 118244, 112742, 99759, 96358, 84298, 60440, 52022, 51599, 41122, 38949, 32833, 91, 279368, 278481, 276723, 253840, 227979, 209959, 201501, 184056, 178672, 104767, 91081, 42226, 28600, 18546, 13239, 281180, 241952, 224484, 216749, 215179, 182236, 56758, 37250, 273978, 246568, 222686, 216344, 201898, 183180, 181567, 161355, 132852, 52915, 160198, 153442, 21629, 3094, 57038, 70563, 55087, 122236, 279589, 243146, 239981, 174822, 82382, 76809, 74529, 65551, 60831, 57149, 48266, 17161, 2919, 257920, 198551, 110731, 84017, 66345, 42654, 23523, 234036, 217864, 179169, 168433, 152125, 149613, 60698, 57657, 56858, 147257, 89504, 45972, 252737, 182730, 249492, 239395, 47331, 253108, 238557, 225552, 215344, 177160, 168189, 146722, 136340, 114581, 111274, 84369, 82011, 56742, 11506, 3163, 276125, 274404, 268317, 240570, 237599, 237051, 206031, 204298, 133047, 98031, 96879, 71962, 44679, 20530, 7411, 76, 123814, 264887, 197122, 149627, 168991, 194146, 281600, 275632, 257209, 245499, 238700, 235081, 231140, 226948, 212031, 199307, 192738, 192045, 181626, 177783, 167742, 167656, 130762, 129285, 128387, 126956, 125401, 117572, 113578, 113338, 101796, 99810, 96375, 68513, 64908, 48110, 38749, 36363, 35536, 18583, 699, 162934, 240934, 13096, 57036, 211621, 102360, 98788, 86788, 83299, 76684, 71155, 31063, 26392, 19978, 15407, 13105, 57034, 255083, 179645, 119176, 111928, 89073, 13602, 91194, 260143, 108157, 86507, 20715, 280895, 280681, 279450, 279416, 277002, 274389, 274240, 273590, 271308, 270464, 270147, 267584, 264415, 263832, 263663, 262222, 260292, 259429, 258750, 258742, 257592, 257491, 256420, 255131, 252104, 251129, 249267, 247221, 243800, 242416, 241189, 239998, 238532, 236424, 234409, 233335, 229240, 227938, 227734, 225425, 224827, 222773, 222599, 219455, 217423, 212469, 211410, 211300, 207578, 205773, 205332, 204641, 204451, 203452, 201132, 200890, 199385, 196492, 193453, 192798, 191572, 191362, 190548, 190207, 188574, 186867, 186448, 179649, 179118, 178388, 176422, 174328, 172998, 172912, 167818, 167080, 165022, 164644, 161514, 160056, 158429, 153889, 153865, 153026, 152357, 152190, 150649, 149922, 146785, 145790, 145736, 145296, 141160, 139074, 138909, 136387, 136090, 134231, 134079, 130889, 127058, 126731, 125782, 124927, 124603, 122938, 121298, 119687, 118374, 115739, 113763, 107669, 106804, 104318, 99622, 99515, 99371, 99059, 96899, 96811, 95869, 94452, 92827, 92226, 90918, 86333, 85879, 84820, 83071, 77816, 76836, 75782, 73205, 71716, 71430, 70993, 70671, 70290, 66757, 65243, 64598, 63835, 62941, 61586, 60562, 59590, 58846, 57328, 55457, 54456, 53654, 50574, 49561, 49102, 47795, 45686, 42593, 39657, 35616, 34500, 31926, 29597, 26090, 24838, 24206, 23805, 22429, 21976, 20206, 18811, 18687, 17745, 17567, 17253, 15815, 15781, 14525, 13855, 13719, 12034, 11020, 10901, 9722, 5682, 5030, 186750, 4514, 3869, 3776, 829, 225872, 37606, 72393, 121145, 109453, 206531, 208810, 229817, 271840, 24, 203033, 266753, 141935, 222324, 35716, 96512, 4, 268261, 266083, 264216, 255694, 239874, 226411, 32423, 9, 224643, 220070, 215600, 198821, 192120, 176541, 153900, 152019, 146989, 133747, 123955, 120861, 100770, 83203, 60036, 58718, 47352, 40745, 28140, 25126, 21315, 18412, 10365, 7213, 74361, 3, 182456, 18816, 47149, 78056, 13102, 15409, 57031, 6548, 1]

